Generation # 87 ==> Best score:23917
0.8871521973051131,1.71094005741179,-0.21818495634943247,1.005180707667023,1.644627833738923,0.8575941477902234,0.6978636095300317,2.449463769327849,1.523778002243489,0.14365064213052392,1.698585633188486,1.671128185465932,1.1300318422727287,2.708022561855614,1.2034832066856325,0.20793532440438867,2.33883206686005,2.169680612627417,0.500150156673044,1.2026011170819402,1.9420406897552311,1.7067408226430416,0.1857823897153139,2.4416687414050102,1.2268858114257455,2.6093268897384405,2.8683653669431806,3.026959426701069,2.046052840538323,


Generation # 92
fitness: 635842
0: 1.2581561622209847
1: 1.9891930310986936
2: -0.21818495634943247
3: 0.38272207556292415
4: 1.3296459466218948
5: 1.228598112706095
6: 0.7906146007589996
7: 2.634965751785785
8: 1.616528993472457
9: 0.42190361581742764
10: 1.791336624417454
11: 1.0218712468631566
12: 1.1300318422727287
13: 2.6152715706266463
14: 1.4817361803725362
15: 0.4861882980912924
16: 2.6848983424715698
17: 2.5406845775432885
18: 2.7571670874021947
19: 0.9243481433950365
20: 1.2927837511524558
21: 2.170495778787881
22: 1.4571948614902794
23: 2.5534986592829227
24: 1.4123877938836813
25: 2.7020778809674084
26: 2.7756143757142127
27: 3.2124614091590047
28: 2.138803831767291



1.2581561622209847, 1.9891930310986936, -0.21818495634943247, 0.38272207556292415, 1.3296459466218948, 1.228598112706095, 0.7906146007589996, 2.634965751785785, 1.616528993472457, 0.42190361581742764, 1.791336624417454, 1.0218712468631566, 1.1300318422727287, 2.6152715706266463, 1.4817361803725362, 0.4861882980912924, 2.6848983424715698, 2.5406845775432885, 2.7571670874021947, 0.9243481433950365, 1.2927837511524558, 2.170495778787881, 1.4571948614902794, 2.5534986592829227, 1.4123877938836813, 2.7020778809674084, 2.7756143757142127, 3.2124614091590047, 2.138803831767291